ncameras:
- cameras:
  - T_B_C: 
      rows: 4
      cols: 4
      data: [-0.00801716913823, -0.006315058510206, 0.999947921161408, 0.051802981825984, -0.999963534676301, -0.0028912275823, -0.008035553543206, 0.046238292849684, 0.002941822001313, -0.999975880128656, -0.006291648769009, -0.008796006113281, 0.0, 0.0, 0.0, 1.0]
    camera:
      distortion:
        parameters: 
          rows: 4
          cols: 1
          data: [-0.040304307117562, 0.002606351399107, -0.005149579997232, 0.001609634561042]
        type: equidistant
      id: 1416fb510822409f8b59f94f43ff9fb2
      image_height: 540
      image_width: 720
      intrinsics: 
        rows: 4
        cols: 1
        data: [347.59456119537475, 347.6488343956205, 357.7418581415878, 267.9809539258867]
      label: /alphasense_driver_ros/cam0
      line-delay-nanoseconds: 0
      type: pinhole
  - T_B_C: 
      rows: 4
      cols: 4
      data: [-0.005524398287863, 0.005187855543576, 0.99997128317688, 0.052377719434807, 0.999979178395303, 0.003363902104424, 0.005506989966102, -0.060538139537808, -0.003335236035418, 0.999980884976053, -0.005206331059125, -0.009133448264666, 0.0, 0.0, 0.0, 1.0]
    camera:
      distortion:
        parameters: 
          rows: 4
          cols: 1
          data: [-0.038665412040847, 0.001950618446748, -0.004211541825544, 0.001067588524435]
        type: equidistant
      id: feaf18ab35a341018272fe550165fe58
      image_height: 540
      image_width: 720
      intrinsics: 
        rows: 4
        cols: 1
        data: [348.0172337386326, 348.0153231294359, 356.7262086107644, 267.3011385428454]
      label: /alphasense_driver_ros/cam1
      line-delay-nanoseconds: 0
      type: pinhole
  - T_B_C: 
      rows: 4
      cols: 4
      data: [-0.999882532472986, -0.004601227925155, -0.01462019004626, 0.010305663957831, -0.004654198203865, 0.999982720947361, 0.00359113433205, -0.00680945377751, 0.014603413795655, 0.003658757752635, -0.99988667047682, -0.035041702625671, 0.0, 0.0, 0.0, 1.0]
    camera:
      distortion:
        parameters: 
          rows: 4
          cols: 1
          data: [-0.038939327701505, -0.002920367195425, 0.000792105310707, -0.000368236895244]
        type: equidistant
      id: 41ddc03940234fbda855b00662327594
      image_height: 540
      image_width: 720
      intrinsics: 
        rows: 4
        cols: 1
        data: [348.2597958374246, 348.18706891760155, 360.4974577555968, 267.4945137798286]
      label: /alphasense_driver_ros/cam2
      line-delay-nanoseconds: 0
      type: pinhole
  - T_B_C: 
      rows: 4
      cols: 4
      data: [0.999970460354969, -0.004275977311921, 0.006387052175956, -0.004588249345114, -0.00637108252476, 0.003737999000956, 0.999972717963311, 0.063237873262738, -0.004299735449204, -0.999983871560685, 0.003710645977464, -0.008035430241219, 0.0, 0.0, 0.0, 1.0]
    camera:
      distortion:
        parameters: 
          rows: 4
          cols: 1
          data: [-0.040105080122013, 0.000136839747763, -0.000656883244041, -0.000228698897087]
        type: equidistant
      id: c7acc191969541709e9e46108a781c26
      image_height: 540
      image_width: 720
      intrinsics: 
        rows: 4
        cols: 1
        data: [347.0186555223415, 347.0038581424947, 358.43856935958286, 266.85964888082]
      label: /alphasense_driver_ros/cam3
      line-delay-nanoseconds: 0
      type: pinhole
  - T_B_C: 
      rows: 4
      cols: 4
      data: [0.999845337942418, 0.016248173997228, 0.006730307315985, -0.003201260597913, 0.006797989027862, -0.004113864636124, -0.999968431233173, -0.078113539277209, -0.016219973489154, 0.99985952661337, -0.004223683285911, -0.009158879951225, 0.0, 0.0, 0.0, 1.0]
    camera:
      distortion:
        parameters: 
          rows: 4
          cols: 1
          data: [-0.038797021245303, -0.003093836821279, 0.002868389461831, -0.001367648719681]
        type: equidistant
      id: 2e346e14d03c4591b6a471588637b908
      image_height: 540
      image_width: 720
      intrinsics: 
        rows: 4
        cols: 1
        data: [347.1772631753882, 347.29310334504817, 360.40631551667303, 268.2345701992052]
      label: /alphasense_driver_ros/cam4
      line-delay-nanoseconds: 0
      type: pinhole
  id: 9fc2fb843d394b948b7e78c36dc70276
  label: ncamera
sensors:
- default_biases:
    acc_bias: 
      rows: 3
      cols: 1
      data: [-0.211798579150558, 0.040150277655231, -0.042416646469599]
    gyro_bias: 
      rows: 3
      cols: 1
      data: [-0.000163252955904, -0.002062266330989, -0.002368228670997]
  gravity_magnitude_mps2: 9.808083883386614
  hardware_id: /alphasense_driver_ros/imu
  id: 554da6122d7c49d4a45627f9f2f2e978
  saturation_accel_max_mps2: 150.0
  saturation_gyro_max_radps: 7.5
  sensor_type: IMU
  sigmas:
    acc_bias_random_walk_noise_density: 0.0043
    acc_noise_density: 0.019
    gyro_bias_random_walk_noise_density: 0.000266
    gyro_noise_density: 0.019
