
cam0:
  T_imu_cam:
    - [-0.00801716913823, -0.006315058510206, 0.999947921161408, 0.051802981825984]
    - [-0.999963534676301, -0.0028912275823, -0.008035553543206, 0.046238292849684]
    - [0.002941822001313, -0.999975880128656, -0.006291648769009, -0.008796006113281]
    - [0.0, 0.0, 0.0, 1.0]
  cam_overlaps: [1]
  camera_model: pinhole
  distortion_coeffs: [-0.040304307117562, 0.002606351399107, -0.005149579997232, 0.001609634561042]
  distortion_model: equidistant
  intrinsics: [347.59456119537475, 347.6488343956205, 357.7418581415878, 267.9809539258867]
  resolution: [720, 540]
  rostopic: /alphasense_driver_ros/cam0

cam1:
  T_imu_cam:
    - [-0.005524398287863, 0.005187855543576, 0.99997128317688, 0.052377719434807]
    - [0.999979178395303, 0.003363902104424, 0.005506989966102, -0.060538139537808]
    - [-0.003335236035418, 0.999980884976053, -0.005206331059125, -0.009133448264666]
    - [0.0, 0.0, 0.0, 1.0]
  cam_overlaps: [0]
  camera_model: pinhole
  distortion_coeffs: [-0.038665412040847, 0.001950618446748, -0.004211541825544, 0.001067588524435]
  distortion_model: equidistant
  intrinsics: [348.0172337386326, 348.0153231294359, 356.7262086107644, 267.3011385428454]
  resolution: [720, 540]
  rostopic: /alphasense_driver_ros/cam1