camera_matrix:
- - 336.7293912985793
  - 0.0
  - 358.9109002158101
- - 0.0
  - 336.9142965203348
  - 259.7577223836701
- - 0.0
  - 0.0
  - 1.0
dist_coeffs:
- - -0.34750763704870297
  - 0.16165248762733864
  - 0.0033603541648052093
  - 0.0013747157097613735
  - -0.043633596980211034
