camera_matrix:
- - 342.49048833114705
  - 0.0
  - 356.64143897368854
- - 0.0
  - 342.49048833114705
  - 266.4750428777076
- - 0.0
  - 0.0
  - 1.0
dist_coeffs:
- - -0.3211943496647677
  - 0.10595312582237429
  - 0.0001263995082494393
  - 0.0007466698622712424
  - -0.015337495149911447
