camera_matrix:
- - 1576.8785955547073
  - 0.0
  - 936.3711828556998
- - 0.0
  - 1576.8785955547073
  - 584.9635101236541
- - 0.0
  - 0.0
  - 1.0
dist_coeffs:
- - -0.4076799279117039
  - 0.18687059665343042
  - -0.0015974825433332318
  - 0.0013582565735426441
  - -0.04154456259792007
