%YAML:1.0


cam0:
  T_imu_cam:
    - [-0.999882532472986, -0.004601227925155, -0.01462019004626, 0.010305663957831]
    - [-0.004654198203865, 0.999982720947361, 0.00359113433205, -0.00680945377751]
    - [0.014603413795655, 0.003658757752635, -0.99988667047682, -0.035041702625671]
    - [0.0, 0.0, 0.0, 1.0]
  cam_overlaps: [1]
  camera_model: pinhole
  distortion_coeffs: [-0.038939327701505, -0.002920367195425, 0.000792105310707, -0.000368236895244]
  distortion_model: equidistant
  intrinsics: [348.2597958374246, 348.18706891760155, 360.4974577555968, 267.4945137798286]
  resolution: [720, 540]
  rostopic: /alphasense_driver_ros/cam2

cam1:
  T_imu_cam:
    - [0.999970460354969, -0.004275977311921, 0.006387052175956, -0.004588249345114]
    - [-0.00637108252476, 0.003737999000956, 0.999972717963311, 0.063237873262738]
    - [-0.004299735449204, -0.999983871560685, 0.003710645977464, -0.008035430241219]
    - [0.0, 0.0, 0.0, 1.0]
  cam_overlaps: [0]
  camera_model: pinhole
  distortion_coeffs: [-0.040105080122013, 0.000136839747763, -0.000656883244041, -0.000228698897087]
  distortion_model: equidistant
  intrinsics: [347.0186555223415, 347.0038581424947, 358.43856935958286, 266.85964888082]
  resolution: [720, 540]
  rostopic: /alphasense_driver_ros/cam3

cam2:
  T_imu_cam:
    - [0.999845337942418, 0.016248173997228, 0.006730307315985, -0.003201260597913]
    - [0.006797989027862, -0.004113864636124, -0.999968431233173, -0.078113539277209]
    - [-0.016219973489154, 0.99985952661337, -0.004223683285911, -0.009158879951225]
    - [0.0, 0.0, 0.0, 1.0]
  cam_overlaps: [1]
  camera_model: pinhole
  distortion_coeffs: [-0.038797021245303, -0.003093836821279, 0.002868389461831, -0.001367648719681]
  distortion_model: equidistant
  intrinsics: [347.1772631753882, 347.29310334504817, 360.40631551667303, 268.2345701992052]
  resolution: [720, 540]
  rostopic: /alphasense_driver_ros/cam4

